Banana
[0.48264313352733546, 0.3283703203218094, 0.49970658989007655, 0.119543847306841, 0.17473129559721415]
[0.44520731093768234, 0.3633571866906928, 0.6070317059581147, 0.1956388960402317, 0.32554490725420127]
[0.4025257755677897, 0.3966984454687623, 0.8387573857016962, 0.24815832544658814, 0.39663044362795197]
[0.4373712400352727, 0.3642792987567713, 0.6792201707837409, 0.22392312650568028, 0.3356086159446935]
[0.4585804614665176, 0.3293531290870857, 0.6385838484932345, 0.10241138138755179, 0.1226786196890799]
[0.4328012368005558, 0.3624997124583679, 0.5651820734104258, 0.19071858337235575, 0.2894899567601488]
[0.4551237574646181, 0.3842900189626667, 0.721680914807894, 0.28028936088852796, 0.5062120923265567]
Naranja
[0.35423677254301245, 0.16080332138416886, 0.0036105159675405467, 0.0003699022167794888, 2.7048828442335764e-05]
[0.31352898354774256, 0.16020270948037824, 0.001482682414032452, 3.913129031674641e-05, 9.25792827499476e-06]
[0.3164842853228512, 0.1603089514427179, 0.003133663470578814, 6.717867233460925e-06, 1.1329041370244757e-06]
[0.317283851626152, 0.16086592413052936, 0.004593496193463409, 0.00012106302263068794, 9.305170987344905e-06]
[0.3214744892992243, 0.1595721077789471, 0.0008023054489398629, 7.896966870022708e-05, 1.7360252977926409e-06]
[0.27493148559226005, 0.15953490480170507, 0.00019327306614144355, 0.00016156473918287187, 1.0915835772249556e-07]
[0.3009711696354493, 0.1601336224199808, 0.0016937478887889062, 0.0001523960947168986, 1.3326830660831124e-05]
Tomate
[0.17434673790697444, 0.16412919422270186, 0.014464311428410988, 6.0834626204583474e-05, 3.1524642696387134e-06]
[0.05596994748097856, 0.15982312889875736, 0.0004498411962135816, 3.9336272712170565e-05, 6.165044836303856e-06]
[0.03343854737470811, 0.160411813109945, 0.001973047150799987, 6.186787511873504e-05, 1.3903428512374892e-05]
[0.08241479320345828, 0.16089741485116238, 0.0026338419565361424, 0.00021607456083884636, 1.2013812511762473e-05]
[0.1209340332188172, 0.15953490079222415, 0.00044940213789317735, 0.00010170373859755376, 1.083859236724621e-06]
[0.17157532861255895, 0.1620656518126417, 0.00854981139255617, 6.908312037688457e-05, 6.744567076627942e-06]
[0.10204224391597966, 0.16063788963499032, 0.00411409372925938, 0.00012301517114744423, 6.156505702389327e-06]
Limon
[0.47880687848128434, 0.16328404772833738, 0.011339760899079511, 0.0002183819837782832, 2.4570956297224697e-05]
[0.5278093826938762, 0.1679206505125213, 0.02456307299698448, 0.00031937186304089476, 0.0002489489099154423]
[0.5493007933149248, 0.16347784654020042, 0.01238835194783121, 8.001325449866541e-06, 2.3217895673150174e-06]
[0.4781271949804182, 0.1654589001011238, 0.01846731837796002, 0.00011091776190476041, 1.2393768560564098e-05]
[0.46892595474534204, 0.1607790672399298, 0.004406859722697484, 3.249516102314624e-05, 2.6321396950982273e-06]
[0.4622104627149142, 0.1655609750503498, 0.019149599315740385, 1.17208948594459e-05, 7.296093222354248e-07]
[0.4904018444707485, 0.1656843815566253, 0.019564300712850986, 1.2925384790947236e-05, 7.622922850026267e-08]
END
